j[p4a, (n1_)?NonPositive, (n2_)?Positive, (n3_)?NonPositive, 
  (n4_)?NonPositive, (n5_)?Positive, (n6_)?Positive, (n7_)?NonPositive, 
  (n8_)?Positive, (n9_)?Positive, (n10_)?NonPositive, (n11_)?Positive, 
  (n12_)?Positive, (n13_)?Positive, (n14_)?NonPositive] :> 
 Expand[j[p4a, 0, 0, n10, n7, 0, n8, n9, n2, n12, n13, 0, n5, n6, n11]/
   ((j[p4a, -1, 0, 0, 0, 0, 0, 0, 0, 0, 0, 0, 0, 0, 0] - 
      j[p4a, 0, -1, 0, 0, 0, 0, 0, 0, 0, 0, 0, 0, 0, 0] + 
      j[p4a, 0, 0, 0, -1, 0, 0, 0, 0, 0, 0, 0, 0, 0, 0] + 
      j[p4a, 0, 0, 0, 0, 0, -1, 0, 0, 0, 0, 0, 0, 0, 0] + 
      j[p4a, 0, 0, 0, 0, 0, 0, -1, 0, 0, 0, 0, 0, 0, 0] - 
      j[p4a, 0, 0, 0, 0, 0, 0, 0, 0, -1, 0, 0, 0, 0, 0] + 
      2*j[p4a, 0, 0, 0, 0, 0, 0, 0, 0, 0, -1, 0, 0, 0, 0] - 
      j[p4a, 0, 0, 0, 0, 0, 0, 0, 0, 0, 0, -1, 0, 0, 0])^n3*
    (j[p4a, 0, -1, 0, 0, 0, 0, 0, 0, 0, 0, 0, 0, 0, 0] + 
      j[p4a, 0, 0, -1, 0, 0, 0, 0, 0, 0, 0, 0, 0, 0, 0] - 
      j[p4a, 0, 0, 0, 0, 0, 0, -1, 0, 0, 0, 0, 0, 0, 0] - 
      j[p4a, 0, 0, 0, 0, 0, 0, 0, -1, 0, 0, 0, 0, 0, 0] + 
      j[p4a, 0, 0, 0, 0, 0, 0, 0, 0, 0, 0, 0, -1, 0, 0] - 
      j[p4a, 0, 0, 0, 0, 0, 0, 0, 0, 0, 0, 0, 0, -1, 0])^n1*
    (j[p4a, 0, 0, -1, 0, 0, 0, 0, 0, 0, 0, 0, 0, 0, 0] + 
      j[p4a, 0, 0, 0, 0, -1, 0, 0, 0, 0, 0, 0, 0, 0, 0] + 
      j[p4a, 0, 0, 0, 0, 0, -1, 0, 0, 0, 0, 0, 0, 0, 0] - 
      j[p4a, 0, 0, 0, 0, 0, 0, -1, 0, 0, 0, 0, 0, 0, 0] - 
      j[p4a, 0, 0, 0, 0, 0, 0, 0, -1, 0, 0, 0, 0, 0, 0] + 
      j[p4a, 0, 0, 0, 0, 0, 0, 0, 0, 0, 0, 0, -1, 0, 0] - 
      j[p4a, 0, 0, 0, 0, 0, 0, 0, 0, 0, 0, 0, 0, 0, -1])^n4*
    (-j[p4a, 0, -1, 0, 0, 0, 0, 0, 0, 0, 0, 0, 0, 0, 0] - 
      j[p4a, 0, 0, -1, 0, 0, 0, 0, 0, 0, 0, 0, 0, 0, 0] + 
      2*j[p4a, 0, 0, 0, 0, 0, 0, -1, 0, 0, 0, 0, 0, 0, 0] + 
      j[p4a, 0, 0, 0, 0, 0, 0, 0, -1, 0, 0, 0, 0, 0, 0] + 
      j[p4a, 0, 0, 0, 0, 0, 0, 0, 0, 0, -1, 0, 0, 0, 0] - 
      j[p4a, 0, 0, 0, 0, 0, 0, 0, 0, 0, 0, -1, 0, 0, 0] + 
      j[p4a, 0, 0, 0, 0, 0, 0, 0, 0, 0, 0, 0, 0, -1, 0] + 
      j[p4a, 0, 0, 0, 0, 0, 0, 0, 0, 0, 0, 0, 0, 0, 0])^n14)]
