j[p4a, (n1_)?NonPositive, (n2_)?NonPositive, (n3_)?Positive, (n4_)?Positive, 
  (n5_)?NonPositive, (n6_)?NonPositive, (n7_)?NonPositive, (n8_)?NonPositive, 
  (n9_)?Positive, (n10_)?Positive, (n11_)?Positive, (n12_)?NonPositive, 
  (n13_)?Positive, (n14_)?NonPositive] :> 
 Expand[j[p4a, n14, 0, n6, 0, n5, n11, n10, n4, n13, 0, n3, 0, n9, n1]/
   ((-j[p4a, 0, -1, 0, 0, 0, 0, 0, 0, 0, 0, 0, 0, 0, 0] - 
      j[p4a, 0, 0, 0, -1, 0, 0, 0, 0, 0, 0, 0, 0, 0, 0] + 
      j[p4a, 0, 0, 0, 0, -1, 0, 0, 0, 0, 0, 0, 0, 0, 0] + 
      j[p4a, 0, 0, 0, 0, 0, -1, 0, 0, 0, 0, 0, 0, 0, 0] + 
      j[p4a, 0, 0, 0, 0, 0, 0, -1, 0, 0, 0, 0, 0, 0, 0] + 
      j[p4a, 0, 0, 0, 0, 0, 0, 0, -1, 0, 0, 0, 0, 0, 0])^n7*
    (j[p4a, 0, -1, 0, 0, 0, 0, 0, 0, 0, 0, 0, 0, 0, 0] + 
      j[p4a, 0, 0, -1, 0, 0, 0, 0, 0, 0, 0, 0, 0, 0, 0] - 
      j[p4a, 0, 0, 0, 0, 0, 0, -1, 0, 0, 0, 0, 0, 0, 0] - 
      j[p4a, 0, 0, 0, 0, 0, 0, 0, -1, 0, 0, 0, 0, 0, 0] + 
      j[p4a, 0, 0, 0, 0, 0, 0, 0, 0, 0, 0, 0, -1, 0, 0] - 
      j[p4a, 0, 0, 0, 0, 0, 0, 0, 0, 0, 0, 0, 0, -1, 0])^n8*
    (j[p4a, 0, 0, -1, 0, 0, 0, 0, 0, 0, 0, 0, 0, 0, 0] - 
      j[p4a, 0, 0, 0, -1, 0, 0, 0, 0, 0, 0, 0, 0, 0, 0] + 
      j[p4a, 0, 0, 0, 0, -1, 0, 0, 0, 0, 0, 0, 0, 0, 0] + 
      j[p4a, 0, 0, 0, 0, 0, 0, -1, 0, 0, 0, 0, 0, 0, 0] - 
      j[p4a, 0, 0, 0, 0, 0, 0, 0, 0, 0, 0, 0, 0, -1, 0] + 
      j[p4a, 0, 0, 0, 0, 0, 0, 0, 0, 0, 0, 0, 0, 0, -1])^n2*
    (j[p4a, 0, -1, 0, 0, 0, 0, 0, 0, 0, 0, 0, 0, 0, 0] + 
      j[p4a, 0, 0, -1, 0, 0, 0, 0, 0, 0, 0, 0, 0, 0, 0] + 
      j[p4a, 0, 0, 0, 0, 0, -1, 0, 0, 0, 0, 0, 0, 0, 0] - 
      j[p4a, 0, 0, 0, 0, 0, 0, -1, 0, 0, 0, 0, 0, 0, 0] - 
      j[p4a, 0, 0, 0, 0, 0, 0, 0, -1, 0, 0, 0, 0, 0, 0] + 
      j[p4a, 0, 0, 0, 0, 0, 0, 0, 0, -1, 0, 0, 0, 0, 0] - 
      j[p4a, 0, 0, 0, 0, 0, 0, 0, 0, 0, -1, 0, 0, 0, 0] + 
      j[p4a, 0, 0, 0, 0, 0, 0, 0, 0, 0, 0, 0, -1, 0, 0] - 
      j[p4a, 0, 0, 0, 0, 0, 0, 0, 0, 0, 0, 0, 0, -1, 0] - 
      j[p4a, 0, 0, 0, 0, 0, 0, 0, 0, 0, 0, 0, 0, 0, -1] + 
      j[p4a, 0, 0, 0, 0, 0, 0, 0, 0, 0, 0, 0, 0, 0, 0])^n12)]
