j[p4, (n1_)?NonPositive, (n2_)?Positive, (n3_)?NonPositive, 
  (n4_)?NonPositive, (n5_)?NonPositive, (n6_)?Positive, (n7_)?NonPositive, 
  (n8_)?NonPositive, (n9_)?Positive, (n10_)?NonPositive, (n11_)?Positive, 
  (n12_)?Positive, (n13_)?Positive, (n14_)?NonPositive] :> 
 Expand[j[p4, 0, 0, 0, 0, 0, 0, n9, n13, n12, n6, n10, 0, n2, n11]/
   ((-j[p4, -1, 0, 0, 0, 0, 0, 0, 0, 0, 0, 0, 0, 0, 0] + 
      j[p4, 0, -1, 0, 0, 0, 0, 0, 0, 0, 0, 0, 0, 0, 0] + 
      j[p4, 0, 0, 0, -1, 0, 0, 0, 0, 0, 0, 0, 0, 0, 0] - 
      j[p4, 0, 0, 0, 0, 0, -1, 0, 0, 0, 0, 0, 0, 0, 0] - 
      j[p4, 0, 0, 0, 0, 0, 0, -1, 0, 0, 0, 0, 0, 0, 0] + 
      j[p4, 0, 0, 0, 0, 0, 0, 0, 0, -1, 0, 0, 0, 0, 0] + 
      j[p4, 0, 0, 0, 0, 0, 0, 0, 0, 0, 0, -1, 0, 0, 0])^n8*
    (-2*j[p4, -1, 0, 0, 0, 0, 0, 0, 0, 0, 0, 0, 0, 0, 0] + 
      2*j[p4, 0, -1, 0, 0, 0, 0, 0, 0, 0, 0, 0, 0, 0, 0] + 
      j[p4, 0, 0, 0, -1, 0, 0, 0, 0, 0, 0, 0, 0, 0, 0] - 
      2*j[p4, 0, 0, 0, 0, 0, -1, 0, 0, 0, 0, 0, 0, 0, 0] - 
      2*j[p4, 0, 0, 0, 0, 0, 0, -1, 0, 0, 0, 0, 0, 0, 0] + 
      2*j[p4, 0, 0, 0, 0, 0, 0, 0, 0, -1, 0, 0, 0, 0, 0] + 
      2*j[p4, 0, 0, 0, 0, 0, 0, 0, 0, 0, -1, 0, 0, 0, 0] + 
      2*j[p4, 0, 0, 0, 0, 0, 0, 0, 0, 0, 0, -1, 0, 0, 0])^n4*
    (j[p4, 0, -1, 0, 0, 0, 0, 0, 0, 0, 0, 0, 0, 0, 0] + 
      j[p4, 0, 0, 0, -1, 0, 0, 0, 0, 0, 0, 0, 0, 0, 0] - 
      j[p4, 0, 0, 0, 0, -1, 0, 0, 0, 0, 0, 0, 0, 0, 0] - 
      j[p4, 0, 0, 0, 0, 0, -1, 0, 0, 0, 0, 0, 0, 0, 0] - 
      j[p4, 0, 0, 0, 0, 0, 0, -1, 0, 0, 0, 0, 0, 0, 0] - 
      j[p4, 0, 0, 0, 0, 0, 0, 0, -1, 0, 0, 0, 0, 0, 0] + 
      j[p4, 0, 0, 0, 0, 0, 0, 0, 0, -1, 0, 0, 0, 0, 0] + 
      j[p4, 0, 0, 0, 0, 0, 0, 0, 0, 0, 0, -1, 0, 0, 0] + 
      j[p4, 0, 0, 0, 0, 0, 0, 0, 0, 0, 0, 0, -1, 0, 0] + 
      j[p4, 0, 0, 0, 0, 0, 0, 0, 0, 0, 0, 0, 0, 0, -1] - 
      j[p4, 0, 0, 0, 0, 0, 0, 0, 0, 0, 0, 0, 0, 0, 0])^n7*
    (-j[p4, -1, 0, 0, 0, 0, 0, 0, 0, 0, 0, 0, 0, 0, 0] + 
      2*j[p4, 0, -1, 0, 0, 0, 0, 0, 0, 0, 0, 0, 0, 0, 0] + 
      2*j[p4, 0, 0, 0, -1, 0, 0, 0, 0, 0, 0, 0, 0, 0, 0] - 
      j[p4, 0, 0, 0, 0, -1, 0, 0, 0, 0, 0, 0, 0, 0, 0] - 
      2*j[p4, 0, 0, 0, 0, 0, -1, 0, 0, 0, 0, 0, 0, 0, 0] - 
      2*j[p4, 0, 0, 0, 0, 0, 0, -1, 0, 0, 0, 0, 0, 0, 0] + 
      j[p4, 0, 0, 0, 0, 0, 0, 0, 0, -1, 0, 0, 0, 0, 0] + 
      2*j[p4, 0, 0, 0, 0, 0, 0, 0, 0, 0, 0, -1, 0, 0, 0] + 
      2*j[p4, 0, 0, 0, 0, 0, 0, 0, 0, 0, 0, 0, -1, 0, 0] - 
      j[p4, 0, 0, 0, 0, 0, 0, 0, 0, 0, 0, 0, 0, -1, 0] + 
      j[p4, 0, 0, 0, 0, 0, 0, 0, 0, 0, 0, 0, 0, 0, -1] - 
      j[p4, 0, 0, 0, 0, 0, 0, 0, 0, 0, 0, 0, 0, 0, 0])^n3*
    (-j[p4, 0, -1, 0, 0, 0, 0, 0, 0, 0, 0, 0, 0, 0, 0] - 
      j[p4, 0, 0, -1, 0, 0, 0, 0, 0, 0, 0, 0, 0, 0, 0] + 
      2*j[p4, 0, 0, 0, 0, 0, 0, -1, 0, 0, 0, 0, 0, 0, 0] + 
      j[p4, 0, 0, 0, 0, 0, 0, 0, -1, 0, 0, 0, 0, 0, 0] + 
      j[p4, 0, 0, 0, 0, 0, 0, 0, 0, 0, -1, 0, 0, 0, 0] - 
      j[p4, 0, 0, 0, 0, 0, 0, 0, 0, 0, 0, -1, 0, 0, 0] + 
      j[p4, 0, 0, 0, 0, 0, 0, 0, 0, 0, 0, 0, 0, -1, 0] + 
      j[p4, 0, 0, 0, 0, 0, 0, 0, 0, 0, 0, 0, 0, 0, 0])^n14*
    (-j[p4, -1, 0, 0, 0, 0, 0, 0, 0, 0, 0, 0, 0, 0, 0] + 
      j[p4, 0, 0, 0, 0, 0, 0, 0, -1, 0, 0, 0, 0, 0, 0] + 
      j[p4, 0, 0, 0, 0, 0, 0, 0, 0, 0, 0, -1, 0, 0, 0] - 
      j[p4, 0, 0, 0, 0, 0, 0, 0, 0, 0, 0, 0, -1, 0, 0] + 
      j[p4, 0, 0, 0, 0, 0, 0, 0, 0, 0, 0, 0, 0, -1, 0] + 
      j[p4, 0, 0, 0, 0, 0, 0, 0, 0, 0, 0, 0, 0, 0, 0])^n1*
    (-j[p4, -1, 0, 0, 0, 0, 0, 0, 0, 0, 0, 0, 0, 0, 0] - 
      j[p4, 0, 0, -1, 0, 0, 0, 0, 0, 0, 0, 0, 0, 0, 0] + 
      j[p4, 0, 0, 0, 0, 0, 0, -1, 0, 0, 0, 0, 0, 0, 0] + 
      j[p4, 0, 0, 0, 0, 0, 0, 0, -1, 0, 0, 0, 0, 0, 0] + 
      j[p4, 0, 0, 0, 0, 0, 0, 0, 0, 0, -1, 0, 0, 0, 0] - 
      j[p4, 0, 0, 0, 0, 0, 0, 0, 0, 0, 0, 0, -1, 0, 0] + 
      2*j[p4, 0, 0, 0, 0, 0, 0, 0, 0, 0, 0, 0, 0, -1, 0] + 
      j[p4, 0, 0, 0, 0, 0, 0, 0, 0, 0, 0, 0, 0, 0, 0])^n5)]
