j[p4, (n1_)?NonPositive, (n2_)?NonPositive, (n3_)?Positive, (n4_)?Positive, 
  (n5_)?NonPositive, (n6_)?Positive, (n7_)?NonPositive, (n8_)?NonPositive, 
  (n9_)?NonPositive, (n10_)?Positive, (n11_)?Positive, (n12_)?Positive, 
  (n13_)?NonPositive, (n14_)?NonPositive] :> 
 Expand[j[p4, 0, 0, n14, 0, 0, 0, n3, n10, n11, n6, 0, 0, n4, n12]/
   ((-j[p4, -1, 0, 0, 0, 0, 0, 0, 0, 0, 0, 0, 0, 0, 0] + 
      j[p4, 0, -1, 0, 0, 0, 0, 0, 0, 0, 0, 0, 0, 0, 0] + 
      j[p4, 0, 0, 0, 0, -1, 0, 0, 0, 0, 0, 0, 0, 0, 0] - 
      j[p4, 0, 0, 0, 0, 0, -1, 0, 0, 0, 0, 0, 0, 0, 0] + 
      j[p4, 0, 0, 0, 0, 0, 0, 0, 0, -1, 0, 0, 0, 0, 0] + 
      j[p4, 0, 0, 0, 0, 0, 0, 0, 0, 0, -1, 0, 0, 0, 0])^n13*
    (j[p4, -1, 0, 0, 0, 0, 0, 0, 0, 0, 0, 0, 0, 0, 0] - 
      j[p4, 0, -1, 0, 0, 0, 0, 0, 0, 0, 0, 0, 0, 0, 0] + 
      j[p4, 0, 0, 0, 0, 0, 0, -1, 0, 0, 0, 0, 0, 0, 0] + 
      j[p4, 0, 0, 0, 0, 0, 0, 0, -1, 0, 0, 0, 0, 0, 0] + 
      j[p4, 0, 0, 0, 0, 0, 0, 0, 0, 0, -1, 0, 0, 0, 0] - 
      j[p4, 0, 0, 0, 0, 0, 0, 0, 0, 0, 0, -1, 0, 0, 0])^n9*
    (-j[p4, -1, 0, 0, 0, 0, 0, 0, 0, 0, 0, 0, 0, 0, 0] + 
      j[p4, 0, -1, 0, 0, 0, 0, 0, 0, 0, 0, 0, 0, 0, 0] + 
      j[p4, 0, 0, 0, -1, 0, 0, 0, 0, 0, 0, 0, 0, 0, 0] - 
      j[p4, 0, 0, 0, 0, 0, -1, 0, 0, 0, 0, 0, 0, 0, 0] - 
      j[p4, 0, 0, 0, 0, 0, 0, -1, 0, 0, 0, 0, 0, 0, 0] + 
      j[p4, 0, 0, 0, 0, 0, 0, 0, 0, -1, 0, 0, 0, 0, 0] + 
      j[p4, 0, 0, 0, 0, 0, 0, 0, 0, 0, 0, -1, 0, 0, 0])^n7*
    (-j[p4, -1, 0, 0, 0, 0, 0, 0, 0, 0, 0, 0, 0, 0, 0] - 
      j[p4, 0, 0, -1, 0, 0, 0, 0, 0, 0, 0, 0, 0, 0, 0] + 
      j[p4, 0, 0, 0, 0, 0, 0, -1, 0, 0, 0, 0, 0, 0, 0] + 
      j[p4, 0, 0, 0, 0, 0, 0, 0, -1, 0, 0, 0, 0, 0, 0] + 
      j[p4, 0, 0, 0, 0, 0, 0, 0, 0, 0, -1, 0, 0, 0, 0] - 
      j[p4, 0, 0, 0, 0, 0, 0, 0, 0, 0, 0, 0, -1, 0, 0] + 
      2*j[p4, 0, 0, 0, 0, 0, 0, 0, 0, 0, 0, 0, 0, -1, 0] + 
      j[p4, 0, 0, 0, 0, 0, 0, 0, 0, 0, 0, 0, 0, 0, 0])^n8*
    (-2*j[p4, -1, 0, 0, 0, 0, 0, 0, 0, 0, 0, 0, 0, 0, 0] + 
      j[p4, 0, -1, 0, 0, 0, 0, 0, 0, 0, 0, 0, 0, 0, 0] + 
      j[p4, 0, 0, 0, -1, 0, 0, 0, 0, 0, 0, 0, 0, 0, 0] + 
      j[p4, 0, 0, 0, 0, -1, 0, 0, 0, 0, 0, 0, 0, 0, 0] - 
      j[p4, 0, 0, 0, 0, 0, -1, 0, 0, 0, 0, 0, 0, 0, 0] - 
      j[p4, 0, 0, 0, 0, 0, 0, -1, 0, 0, 0, 0, 0, 0, 0] + 
      j[p4, 0, 0, 0, 0, 0, 0, 0, -1, 0, 0, 0, 0, 0, 0] + 
      j[p4, 0, 0, 0, 0, 0, 0, 0, 0, -1, 0, 0, 0, 0, 0] + 
      j[p4, 0, 0, 0, 0, 0, 0, 0, 0, 0, 0, -1, 0, 0, 0] - 
      j[p4, 0, 0, 0, 0, 0, 0, 0, 0, 0, 0, 0, -1, 0, 0] + 
      2*j[p4, 0, 0, 0, 0, 0, 0, 0, 0, 0, 0, 0, 0, -1, 0] - 
      j[p4, 0, 0, 0, 0, 0, 0, 0, 0, 0, 0, 0, 0, 0, -1] + 
      j[p4, 0, 0, 0, 0, 0, 0, 0, 0, 0, 0, 0, 0, 0, 0])^n5*
    (-2*j[p4, -1, 0, 0, 0, 0, 0, 0, 0, 0, 0, 0, 0, 0, 0] - 
      j[p4, 0, 0, -1, 0, 0, 0, 0, 0, 0, 0, 0, 0, 0, 0] + 
      j[p4, 0, 0, 0, 0, -1, 0, 0, 0, 0, 0, 0, 0, 0, 0] - 
      j[p4, 0, 0, 0, 0, 0, -1, 0, 0, 0, 0, 0, 0, 0, 0] + 
      j[p4, 0, 0, 0, 0, 0, 0, -1, 0, 0, 0, 0, 0, 0, 0] + 
      j[p4, 0, 0, 0, 0, 0, 0, 0, -1, 0, 0, 0, 0, 0, 0] + 
      2*j[p4, 0, 0, 0, 0, 0, 0, 0, 0, -1, 0, 0, 0, 0, 0] + 
      2*j[p4, 0, 0, 0, 0, 0, 0, 0, 0, 0, -1, 0, 0, 0, 0] - 
      j[p4, 0, 0, 0, 0, 0, 0, 0, 0, 0, 0, 0, -1, 0, 0] + 
      2*j[p4, 0, 0, 0, 0, 0, 0, 0, 0, 0, 0, 0, 0, -1, 0] - 
      j[p4, 0, 0, 0, 0, 0, 0, 0, 0, 0, 0, 0, 0, 0, -1] + 
      2*j[p4, 0, 0, 0, 0, 0, 0, 0, 0, 0, 0, 0, 0, 0, 0])^n1*
    (-4*j[p4, -1, 0, 0, 0, 0, 0, 0, 0, 0, 0, 0, 0, 0, 0] + 
      2*j[p4, 0, -1, 0, 0, 0, 0, 0, 0, 0, 0, 0, 0, 0, 0] - 
      j[p4, 0, 0, -1, 0, 0, 0, 0, 0, 0, 0, 0, 0, 0, 0] + 
      j[p4, 0, 0, 0, -1, 0, 0, 0, 0, 0, 0, 0, 0, 0, 0] + 
      j[p4, 0, 0, 0, 0, -1, 0, 0, 0, 0, 0, 0, 0, 0, 0] - 
      2*j[p4, 0, 0, 0, 0, 0, -1, 0, 0, 0, 0, 0, 0, 0, 0] - 
      j[p4, 0, 0, 0, 0, 0, 0, -1, 0, 0, 0, 0, 0, 0, 0] + 
      2*j[p4, 0, 0, 0, 0, 0, 0, 0, -1, 0, 0, 0, 0, 0, 0] + 
      2*j[p4, 0, 0, 0, 0, 0, 0, 0, 0, -1, 0, 0, 0, 0, 0] + 
      2*j[p4, 0, 0, 0, 0, 0, 0, 0, 0, 0, -1, 0, 0, 0, 0] + 
      2*j[p4, 0, 0, 0, 0, 0, 0, 0, 0, 0, 0, -1, 0, 0, 0] - 
      2*j[p4, 0, 0, 0, 0, 0, 0, 0, 0, 0, 0, 0, -1, 0, 0] + 
      3*j[p4, 0, 0, 0, 0, 0, 0, 0, 0, 0, 0, 0, 0, -1, 0] - 
      j[p4, 0, 0, 0, 0, 0, 0, 0, 0, 0, 0, 0, 0, 0, -1] + 
      2*j[p4, 0, 0, 0, 0, 0, 0, 0, 0, 0, 0, 0, 0, 0, 0])^n2)]
