j[p4, (n1_)?Positive, (n2_)?Positive, (n3_)?NonPositive, (n4_)?NonPositive, 
  (n5_)?Positive, (n6_)?NonPositive, (n7_)?NonPositive, (n8_)?Positive, 
  (n9_)?Positive, (n10_)?Positive, (n11_)?Positive, (n12_)?Positive, 
  (n13_)?NonPositive, (n14_)?NonPositive] :> 
 Expand[j[p4, n11, n8, 0, 0, n7, n2, n5, 0, n10, n1, n9, n14, n12, 0]/
   ((-j[p4, 0, 0, 0, -1, 0, 0, 0, 0, 0, 0, 0, 0, 0, 0] + 
      2*j[p4, 0, 0, 0, 0, -1, 0, 0, 0, 0, 0, 0, 0, 0, 0] + 
      2*j[p4, 0, 0, 0, 0, 0, 0, -1, 0, 0, 0, 0, 0, 0, 0])^n4*
    (-j[p4, 0, -1, 0, 0, 0, 0, 0, 0, 0, 0, 0, 0, 0, 0] - 
      j[p4, 0, 0, 0, -1, 0, 0, 0, 0, 0, 0, 0, 0, 0, 0] + 
      j[p4, 0, 0, 0, 0, -1, 0, 0, 0, 0, 0, 0, 0, 0, 0] + 
      j[p4, 0, 0, 0, 0, 0, -1, 0, 0, 0, 0, 0, 0, 0, 0] + 
      j[p4, 0, 0, 0, 0, 0, 0, -1, 0, 0, 0, 0, 0, 0, 0] + 
      j[p4, 0, 0, 0, 0, 0, 0, 0, -1, 0, 0, 0, 0, 0, 0])^n6*
    (j[p4, 0, -1, 0, 0, 0, 0, 0, 0, 0, 0, 0, 0, 0, 0] + 
      j[p4, 0, 0, -1, 0, 0, 0, 0, 0, 0, 0, 0, 0, 0, 0] - 
      j[p4, 0, 0, 0, 0, 0, 0, -1, 0, 0, 0, 0, 0, 0, 0] - 
      j[p4, 0, 0, 0, 0, 0, 0, 0, -1, 0, 0, 0, 0, 0, 0] + 
      j[p4, 0, 0, 0, 0, 0, 0, 0, 0, 0, 0, 0, -1, 0, 0] - 
      j[p4, 0, 0, 0, 0, 0, 0, 0, 0, 0, 0, 0, 0, -1, 0])^n13*
    (2*j[p4, 0, -1, 0, 0, 0, 0, 0, 0, 0, 0, 0, 0, 0, 0] + 
      j[p4, 0, 0, -1, 0, 0, 0, 0, 0, 0, 0, 0, 0, 0, 0] + 
      j[p4, 0, 0, 0, 0, -1, 0, 0, 0, 0, 0, 0, 0, 0, 0] - 
      j[p4, 0, 0, 0, 0, 0, -1, 0, 0, 0, 0, 0, 0, 0, 0] - 
      j[p4, 0, 0, 0, 0, 0, 0, -1, 0, 0, 0, 0, 0, 0, 0] - 
      j[p4, 0, 0, 0, 0, 0, 0, 0, -1, 0, 0, 0, 0, 0, 0] + 
      j[p4, 0, 0, 0, 0, 0, 0, 0, 0, 0, 0, 0, -1, 0, 0] - 
      2*j[p4, 0, 0, 0, 0, 0, 0, 0, 0, 0, 0, 0, 0, -1, 0] + 
      j[p4, 0, 0, 0, 0, 0, 0, 0, 0, 0, 0, 0, 0, 0, -1])^n3)]
