j[p4a, (n1_)?NonPositive, (n2_)?NonPositive, (n3_)?Positive, 
  (n4_)?NonPositive, (n5_)?NonPositive, (n6_)?Positive, (n7_)?NonPositive, 
  (n8_)?Positive, (n9_)?NonPositive, (n10_)?NonPositive, (n11_)?Positive, 
  (n12_)?NonPositive, (n13_)?Positive, (n14_)?Positive] :> 
 Expand[j[p4a, n12, 0, 0, n7, 0, n3, n6, n13, n14, n4, n8, 0, n11, n9]/
   ((-j[p4a, -1, 0, 0, 0, 0, 0, 0, 0, 0, 0, 0, 0, 0, 0] + 
      j[p4a, 0, -1, 0, 0, 0, 0, 0, 0, 0, 0, 0, 0, 0, 0] + 
      j[p4a, 0, 0, 0, -1, 0, 0, 0, 0, 0, 0, 0, 0, 0, 0] - 
      j[p4a, 0, 0, 0, 0, 0, -1, 0, 0, 0, 0, 0, 0, 0, 0] - 
      j[p4a, 0, 0, 0, 0, 0, 0, -1, 0, 0, 0, 0, 0, 0, 0] + 
      j[p4a, 0, 0, 0, 0, 0, 0, 0, 0, -1, 0, 0, 0, 0, 0] + 
      j[p4a, 0, 0, 0, 0, 0, 0, 0, 0, 0, 0, -1, 0, 0, 0])^n5*
    (-j[p4a, -1, 0, 0, 0, 0, 0, 0, 0, 0, 0, 0, 0, 0, 0] + 
      j[p4a, 0, -1, 0, 0, 0, 0, 0, 0, 0, 0, 0, 0, 0, 0] + 
      2*j[p4a, 0, 0, 0, -1, 0, 0, 0, 0, 0, 0, 0, 0, 0, 0] - 
      j[p4a, 0, 0, 0, 0, -1, 0, 0, 0, 0, 0, 0, 0, 0, 0] - 
      j[p4a, 0, 0, 0, 0, 0, -1, 0, 0, 0, 0, 0, 0, 0, 0] + 
      j[p4a, 0, 0, 0, 0, 0, 0, 0, 0, -1, 0, 0, 0, 0, 0] - 
      j[p4a, 0, 0, 0, 0, 0, 0, 0, 0, 0, -1, 0, 0, 0, 0] + 
      2*j[p4a, 0, 0, 0, 0, 0, 0, 0, 0, 0, 0, -1, 0, 0, 0])^n2*
    (-j[p4a, 0, 0, -1, 0, 0, 0, 0, 0, 0, 0, 0, 0, 0, 0] + 
      j[p4a, 0, 0, 0, -1, 0, 0, 0, 0, 0, 0, 0, 0, 0, 0] - 
      j[p4a, 0, 0, 0, 0, -1, 0, 0, 0, 0, 0, 0, 0, 0, 0] + 
      j[p4a, 0, 0, 0, 0, 0, 0, -1, 0, 0, 0, 0, 0, 0, 0] + 
      j[p4a, 0, 0, 0, 0, 0, 0, 0, 0, 0, 0, 0, 0, -1, 0] + 
      j[p4a, 0, 0, 0, 0, 0, 0, 0, 0, 0, 0, 0, 0, 0, -1])^n10*
    (-j[p4a, -1, 0, 0, 0, 0, 0, 0, 0, 0, 0, 0, 0, 0, 0] + 
      j[p4a, 0, 0, 0, 0, 0, 0, 0, -1, 0, 0, 0, 0, 0, 0] + 
      j[p4a, 0, 0, 0, 0, 0, 0, 0, 0, 0, 0, -1, 0, 0, 0] - 
      j[p4a, 0, 0, 0, 0, 0, 0, 0, 0, 0, 0, 0, -1, 0, 0] + 
      j[p4a, 0, 0, 0, 0, 0, 0, 0, 0, 0, 0, 0, 0, -1, 0] + 
      j[p4a, 0, 0, 0, 0, 0, 0, 0, 0, 0, 0, 0, 0, 0, 0])^n1)]
