j[p4, (n1_)?NonPositive, (n2_)?NonPositive, (n3_)?Positive, (n4_)?Positive, 
  (n5_)?NonPositive, (n6_)?Positive, (n7_)?Positive, (n8_)?NonPositive, 
  (n9_)?NonPositive, (n10_)?NonPositive, (n11_)?Positive, (n12_)?Positive, 
  (n13_)?Positive, (n14_)?NonPositive] :> 
 Expand[j[p4, 0, 0, n14, 0, 0, n6, n4, n7, n11, 0, n1, n13, n3, n12]/
   ((-j[p4, 0, -1, 0, 0, 0, 0, 0, 0, 0, 0, 0, 0, 0, 0] - 
      j[p4, 0, 0, 0, -1, 0, 0, 0, 0, 0, 0, 0, 0, 0, 0] + 
      j[p4, 0, 0, 0, 0, -1, 0, 0, 0, 0, 0, 0, 0, 0, 0] + 
      j[p4, 0, 0, 0, 0, 0, -1, 0, 0, 0, 0, 0, 0, 0, 0] + 
      j[p4, 0, 0, 0, 0, 0, 0, -1, 0, 0, 0, 0, 0, 0, 0] + 
      j[p4, 0, 0, 0, 0, 0, 0, 0, -1, 0, 0, 0, 0, 0, 0])^n8*
    (-j[p4, 0, -1, 0, 0, 0, 0, 0, 0, 0, 0, 0, 0, 0, 0] + 
      2*j[p4, 0, 0, 0, 0, 0, 0, -1, 0, 0, 0, 0, 0, 0, 0] + 
      2*j[p4, 0, 0, 0, 0, 0, 0, 0, -1, 0, 0, 0, 0, 0, 0])^n5*
    (-2*j[p4, 0, -1, 0, 0, 0, 0, 0, 0, 0, 0, 0, 0, 0, 0] - 
      2*j[p4, 0, 0, 0, -1, 0, 0, 0, 0, 0, 0, 0, 0, 0, 0] + 
      j[p4, 0, 0, 0, 0, -1, 0, 0, 0, 0, 0, 0, 0, 0, 0] + 
      2*j[p4, 0, 0, 0, 0, 0, -1, 0, 0, 0, 0, 0, 0, 0, 0] + 
      2*j[p4, 0, 0, 0, 0, 0, 0, -1, 0, 0, 0, 0, 0, 0, 0] + 
      4*j[p4, 0, 0, 0, 0, 0, 0, 0, -1, 0, 0, 0, 0, 0, 0])^n2*
    (j[p4, -1, 0, 0, 0, 0, 0, 0, 0, 0, 0, 0, 0, 0, 0] - 
      j[p4, 0, -1, 0, 0, 0, 0, 0, 0, 0, 0, 0, 0, 0, 0] - 
      j[p4, 0, 0, 0, -1, 0, 0, 0, 0, 0, 0, 0, 0, 0, 0] + 
      j[p4, 0, 0, 0, 0, 0, -1, 0, 0, 0, 0, 0, 0, 0, 0] + 
      j[p4, 0, 0, 0, 0, 0, 0, -1, 0, 0, 0, 0, 0, 0, 0] + 
      2*j[p4, 0, 0, 0, 0, 0, 0, 0, -1, 0, 0, 0, 0, 0, 0] + 
      j[p4, 0, 0, 0, 0, 0, 0, 0, 0, -1, 0, 0, 0, 0, 0] - 
      j[p4, 0, 0, 0, 0, 0, 0, 0, 0, 0, 0, -1, 0, 0, 0])^n10*
    (j[p4, -1, 0, 0, 0, 0, 0, 0, 0, 0, 0, 0, 0, 0, 0] - 
      j[p4, 0, -1, 0, 0, 0, 0, 0, 0, 0, 0, 0, 0, 0, 0] + 
      j[p4, 0, 0, 0, 0, 0, 0, -1, 0, 0, 0, 0, 0, 0, 0] + 
      j[p4, 0, 0, 0, 0, 0, 0, 0, -1, 0, 0, 0, 0, 0, 0] + 
      j[p4, 0, 0, 0, 0, 0, 0, 0, 0, 0, -1, 0, 0, 0, 0] - 
      j[p4, 0, 0, 0, 0, 0, 0, 0, 0, 0, 0, -1, 0, 0, 0])^n9)]
