j[p4, (n1_)?NonPositive, (n2_)?Positive, (n3_)?NonPositive, 
  (n4_)?NonPositive, (n5_)?Positive, (n6_)?Positive, (n7_)?Positive, 
  (n8_)?Positive, (n9_)?NonPositive, (n10_)?Positive, (n11_)?NonPositive, 
  (n12_)?NonPositive, (n13_)?Positive, (n14_)?Positive] :> 
 Expand[j[p4, n9, 0, n13, 0, 0, n8, n5, n10, n7, n2, n6, 0, n14, 0]/
   ((j[p4, -1, 0, 0, 0, 0, 0, 0, 0, 0, 0, 0, 0, 0, 0] - 
      j[p4, 0, -1, 0, 0, 0, 0, 0, 0, 0, 0, 0, 0, 0, 0] - 
      j[p4, 0, 0, 0, -1, 0, 0, 0, 0, 0, 0, 0, 0, 0, 0] + 
      j[p4, 0, 0, 0, 0, 0, -1, 0, 0, 0, 0, 0, 0, 0, 0] + 
      j[p4, 0, 0, 0, 0, 0, 0, -1, 0, 0, 0, 0, 0, 0, 0] + 
      2*j[p4, 0, 0, 0, 0, 0, 0, 0, -1, 0, 0, 0, 0, 0, 0] + 
      j[p4, 0, 0, 0, 0, 0, 0, 0, 0, -1, 0, 0, 0, 0, 0] - 
      j[p4, 0, 0, 0, 0, 0, 0, 0, 0, 0, 0, -1, 0, 0, 0])^n11*
    (j[p4, -1, 0, 0, 0, 0, 0, 0, 0, 0, 0, 0, 0, 0, 0] - 
      j[p4, 0, -1, 0, 0, 0, 0, 0, 0, 0, 0, 0, 0, 0, 0] + 
      j[p4, 0, 0, 0, 0, 0, 0, -1, 0, 0, 0, 0, 0, 0, 0] + 
      j[p4, 0, 0, 0, 0, 0, 0, 0, -1, 0, 0, 0, 0, 0, 0] + 
      j[p4, 0, 0, 0, 0, 0, 0, 0, 0, 0, -1, 0, 0, 0, 0] - 
      j[p4, 0, 0, 0, 0, 0, 0, 0, 0, 0, 0, -1, 0, 0, 0])^n1*
    (j[p4, 0, -1, 0, 0, 0, 0, 0, 0, 0, 0, 0, 0, 0, 0] + 
      j[p4, 0, 0, 0, -1, 0, 0, 0, 0, 0, 0, 0, 0, 0, 0] - 
      j[p4, 0, 0, 0, 0, -1, 0, 0, 0, 0, 0, 0, 0, 0, 0] - 
      j[p4, 0, 0, 0, 0, 0, 0, 0, -1, 0, 0, 0, 0, 0, 0] + 
      j[p4, 0, 0, 0, 0, 0, 0, 0, 0, -1, 0, 0, 0, 0, 0] - 
      j[p4, 0, 0, 0, 0, 0, 0, 0, 0, 0, -1, 0, 0, 0, 0] + 
      j[p4, 0, 0, 0, 0, 0, 0, 0, 0, 0, 0, -1, 0, 0, 0])^n4*
    (-j[p4, 0, -1, 0, 0, 0, 0, 0, 0, 0, 0, 0, 0, 0, 0] - 
      j[p4, 0, 0, 0, -1, 0, 0, 0, 0, 0, 0, 0, 0, 0, 0] + 
      j[p4, 0, 0, 0, 0, 0, -1, 0, 0, 0, 0, 0, 0, 0, 0] + 
      j[p4, 0, 0, 0, 0, 0, 0, -1, 0, 0, 0, 0, 0, 0, 0] + 
      2*j[p4, 0, 0, 0, 0, 0, 0, 0, -1, 0, 0, 0, 0, 0, 0] - 
      j[p4, 0, 0, 0, 0, 0, 0, 0, 0, 0, 0, 0, -1, 0, 0] + 
      j[p4, 0, 0, 0, 0, 0, 0, 0, 0, 0, 0, 0, 0, -1, 0] + 
      j[p4, 0, 0, 0, 0, 0, 0, 0, 0, 0, 0, 0, 0, 0, -1])^n12*
    (-j[p4, -1, 0, 0, 0, 0, 0, 0, 0, 0, 0, 0, 0, 0, 0] + 
      j[p4, 0, -1, 0, 0, 0, 0, 0, 0, 0, 0, 0, 0, 0, 0] + 
      j[p4, 0, 0, -1, 0, 0, 0, 0, 0, 0, 0, 0, 0, 0, 0] + 
      j[p4, 0, 0, 0, -1, 0, 0, 0, 0, 0, 0, 0, 0, 0, 0] - 
      j[p4, 0, 0, 0, 0, 0, 0, -1, 0, 0, 0, 0, 0, 0, 0] - 
      j[p4, 0, 0, 0, 0, 0, 0, 0, -1, 0, 0, 0, 0, 0, 0] + 
      j[p4, 0, 0, 0, 0, 0, 0, 0, 0, -1, 0, 0, 0, 0, 0] - 
      j[p4, 0, 0, 0, 0, 0, 0, 0, 0, 0, -1, 0, 0, 0, 0] + 
      j[p4, 0, 0, 0, 0, 0, 0, 0, 0, 0, 0, -1, 0, 0, 0] - 
      j[p4, 0, 0, 0, 0, 0, 0, 0, 0, 0, 0, 0, 0, 0, -1] + 
      j[p4, 0, 0, 0, 0, 0, 0, 0, 0, 0, 0, 0, 0, 0, 0])^n3)]
