e12|34|35|6|67|67||e|:('EMPTY',)_(0, (-1, 0, 0, 0, -1))_(12, (0, 0, 0, 0, 1))|(1, (0, 0, -1, 0, 1))_(9, (-1, 0, -1, 0, 0))|(6, (0, 0, 1, -1, 0))_(2, (0, 0, 1, -1, 1))|(7, (0, 0, 0, 1, -1))|(5, (0, -1, 1, 0, 0))_(8, (-1, -1, 0, 0, 0))|(3, (0, 1, -1, 1, -1))_(13, (0, 1, 0, 0, 0))||('EMPTY',)|:
e12|34|35|6|56|7|7|e|:('EMPTY',)_(11, (0, 0, 0, 1, 0))_(10, (-1, 0, 0, -1, 0))|(12, (0, 0, 0, 0, 1))_(7, (0, 0, 0, 1, -1))|(6, (0, 0, 1, -1, 0))_(9, (-1, 0, -1, 0, 0))|(2, (0, 0, 1, -1, 1))|(5, (0, -1, 1, 0, 0))_(3, (0, 1, -1, 1, -1))|(8, (-1, -1, 0, 0, 0))|(13, (0, 1, 0, 0, 0))|('EMPTY',)|:
e12|34|35|6|56|7|7|e|:('EMPTY',)_(0, (-1, 0, 0, 0, -1))_(12, (0, 0, 0, 0, 1))|(10, (-1, 0, 0, -1, 0))_(7, (0, 0, 0, 1, -1))|(6, (0, 0, -1, 1, 0))_(2, (0, 0, 1, -1, 1))|(9, (-1, 0, -1, 0, 0))|(3, (0, 1, -1, 1, -1))_(5, (0, -1, 1, 0, 0))|(13, (0, 1, 0, 0, 0))|(8, (-1, -1, 0, 0, 0))|('EMPTY',)|:
e12|34|56|56|57||7|e|:('EMPTY',)_(8, (-1, -1, 0, 0, 0))_(13, (0, 1, 0, 0, 0))|(5, (0, -1, 1, 0, 0))_(9, (-1, 0, -1, 0, 0))|(4, (0, 1, 0, 0, -1))_(12, (0, 0, 0, 0, 1))|(3, (0, 1, -1, 1, -1))_(7, (0, 0, 0, -1, 1))|(6, (0, 0, 1, -1, 0))_(10, (-1, 0, 0, -1, 0))||(11, (0, 0, 0, 1, 0))|('EMPTY',)|:
e12|34|56|56|57||7|e|:('EMPTY',)_(8, (-1, -1, 0, 0, 0))_(13, (0, 1, 0, 0, 0))|(5, (0, -1, 1, 0, 0))_(9, (-1, 0, -1, 0, 0))|(4, (0, 1, 0, 0, -1))_(12, (0, 0, 0, 0, 1))|(3, (0, -1, 1, -1, 1))_(7, (0, 0, 0, 1, -1))|(6, (0, 0, -1, 1, 0))_(10, (-1, 0, 0, -1, 0))||(11, (0, 0, 0, 1, 0))|('EMPTY',)|:
e12|34|35|6|67|67||e|:('EMPTY',)_(8, (-1, -1, 0, 0, 0))_(13, (0, 1, 0, 0, 0))|(5, (0, 1, -1, 0, 0))_(9, (-1, 0, -1, 0, 0))|(4, (0, -1, 0, 0, 1))_(12, (0, 0, 0, 0, 1))|(1, (0, 0, 1, 0, -1))|(6, (0, 0, 1, -1, 0))_(10, (-1, 0, 0, -1, 0))|(7, (0, 0, 0, 1, -1))_(11, (0, 0, 0, 1, 0))||('EMPTY',)|:
e12|34|56|56|57||7|e|:('EMPTY',)_(8, (-1, -1, 0, 0, 0))_(13, (0, 1, 0, 0, 0))|(5, (0, 1, -1, 0, 0))_(9, (-1, 0, -1, 0, 0))|(4, (0, 1, 0, 0, -1))_(12, (0, 0, 0, 0, 1))|(3, (0, -1, 1, -1, 1))_(7, (0, 0, 0, 1, -1))|(6, (0, 0, 1, -1, 0))_(10, (-1, 0, 0, -1, 0))||(11, (0, 0, 0, 1, 0))|('EMPTY',)|:
e12|34|35|6|67|67||e|:('EMPTY',)_(8, (-1, -1, 0, 0, 0))_(13, (0, 1, 0, 0, 0))|(5, (0, -1, 1, 0, 0))_(9, (-1, 0, -1, 0, 0))|(4, (0, 1, 0, 0, -1))_(12, (0, 0, 0, 0, 1))|(1, (0, 0, 1, 0, -1))|(6, (0, 0, -1, 1, 0))_(10, (-1, 0, 0, -1, 0))|(7, (0, 0, 0, -1, 1))_(11, (0, 0, 0, 1, 0))||('EMPTY',)|:
e12|34|56|56|57||7|e|:('EMPTY',)_(8, (-1, -1, 0, 0, 0))_(13, (0, 1, 0, 0, 0))|(5, (0, -1, 1, 0, 0))_(9, (-1, 0, -1, 0, 0))|(4, (0, -1, 0, 0, 1))_(12, (0, 0, 0, 0, 1))|(3, (0, 1, -1, 1, -1))_(7, (0, 0, 0, 1, -1))|(6, (0, 0, 1, -1, 0))_(10, (-1, 0, 0, -1, 0))||(11, (0, 0, 0, 1, 0))|('EMPTY',)|:
e12|34|35|6|67|67||e|:('EMPTY',)_(0, (-1, 0, 0, 0, -1))_(12, (0, 0, 0, 0, 1))|(1, (0, 0, 1, 0, -1))_(9, (-1, 0, -1, 0, 0))|(6, (0, 0, -1, 1, 0))_(2, (0, 0, 1, -1, 1))|(7, (0, 0, 0, 1, -1))|(5, (0, 1, -1, 0, 0))_(8, (-1, -1, 0, 0, 0))|(3, (0, -1, 1, -1, 1))_(13, (0, 1, 0, 0, 0))||('EMPTY',)|:
